incorrect will fix

Sequences in corridor g = 1
 1 1

1		 1  1  1 1

 0  1 2		 3  3  3 3		 5  14  28 48

 2  5  9  14 20		 -2  -1  1 4		 -2  -1  1 4		 -2  -1  1 4



Sequences in corridor g = 2
 1  1  1 1

 1  2 3		 3  3  3 3

 4  7  10  13 16		 14  14  14 14		 5  14  28 48

 2  5  9  14  20  27 35		 5  13  24 38		 5  13  24 38		 5  13  24 38



Sequences in corridor g = 3
 1  1  1  1  1 1

 1  2  3  4 5		 5  5  5 5

 8  13  18  23  28  33 38		 29  29  29 29		 5  14  28 48

 2  5  9  14  20  27  35  44 54		 28  47  71 100		 28  47  71 100		 28  47  71 100



Sequences in corridor g = 4
 1  1  1  1  1  1  1 1

 1  2  3  4  5  6 7		 7  7  7 7

 12  19  26  33  40  47  54  61 68		 48  48  48 48		 5  14  28 48

 2  5  9  14  20  27  35  44  54  65 77		 75  109  150 198		 75  109  150 198		 75  109  150 198



